class_0_source_fc2_collect_0_dim,class_0_source_fc2_collect_1_dim,class_0_source_fc2_collect_2_dim,class_1_source_fc2_collect_0_dim,class_1_source_fc2_collect_1_dim,class_1_source_fc2_collect_2_dim,class_0_target_fc2_collect_0_dim,class_0_target_fc2_collect_1_dim,class_0_target_fc2_collect_2_dim,class_1_target_fc2_collect_0_dim,class_1_target_fc2_collect_1_dim,class_1_target_fc2_collect_2_dim
2.1332417,-0.26900464,1.3513783,2.133298,-0.2690249,1.351344,2.133221,-0.26899976,1.3513745,2.1331778,-0.26898253,1.3514082
2.1332293,-0.26900208,1.3513709,2.1332784,-0.26901686,1.3513631,-0.5018308,0.07012406,0.6589912,2.1331313,-0.2689707,1.3513998
2.1332715,-0.26901478,1.3513633,2.1333108,-0.26902816,1.3513485,2.1332316,-0.26900157,1.3513774,2.1330817,-0.26895058,1.3514439
2.1332579,-0.26900995,1.3513728,2.1333098,-0.26902848,1.351342,2.1332834,-0.26901898,1.3513588,2.1330814,-0.2689529,1.3514274
2.1332674,-0.26901448,1.3513588,2.1332436,-0.26900727,1.3513628,-0.50198,0.07011144,0.6590382,2.1330063,-0.26892614,1.3514708
2.133317,-0.26903024,1.3513434,2.1332536,-0.2690102,1.3513598,2.1331587,-0.2689778,1.3514037,2.1331315,-0.2689701,1.3514057
2.133214,-0.26899755,1.3513731,2.1332316,-0.2690014,1.3513807,2.1332421,-0.26900417,1.3513834,2.1331117,-0.2689621,1.3514239
2.1332111,-0.26899618,1.3513764,2.1332464,-0.2690071,1.3513691,2.1330528,-0.26894322,1.3514408,2.1332211,-0.26899877,1.3513781
2.1332498,-0.26900914,1.3513612,2.13328,-0.2690186,1.3513559,2.133068,-0.26894823,1.3514345,2.1331673,-0.2689816,1.3513937
2.13325,-0.2690093,1.3513606,2.1333249,-0.2690336,1.351336,2.1331031,-0.26896048,1.3514178,2.1331654,-0.2689791,1.3514061
2.1332967,-0.26902473,1.3513432,2.1332762,-0.2690161,1.351365,2.133214,-0.26899686,1.3513798,2.1330297,-0.26893517,1.3514532
2.1332803,-0.26901728,1.3513638,2.1332436,-0.26900727,1.3513628,-0.5023349,0.07026881,0.65955615,2.133038,-0.2689378,1.3514503
2.133206,-0.2689939,1.3513843,2.133267,-0.26901445,1.351359,2.1332872,-0.26902032,1.3513542,2.133082,-0.26895258,1.3514277
2.1332479,-0.26900762,1.3513685,2.1333072,-0.26902667,1.351349,2.1331046,-0.26896095,1.3514172,2.1331306,-0.26896918,1.3514122
2.1332536,-0.2690103,1.35136,2.1332495,-0.26900893,1.3513613,2.133069,-0.26894894,1.3514329,2.1330087,-0.26892883,1.3514552
2.1332958,-0.26902437,1.3513439,2.1332493,-0.26900682,1.3513762,2.133167,-0.2689799,1.3514057,2.1330245,-0.26893324,1.3514527
2.13326,-0.26901227,1.3513597,2.133305,-0.26902664,1.3513447,2.1332197,-0.26899862,1.3513763,2.1330106,-0.26892895,1.3514589
2.1332514,-0.26900887,1.3513662,2.1332288,-0.26900163,1.3513734,-0.50198036,0.070160344,0.65900576,2.1331306,-0.26897055,1.3513998
2.133244,-0.2690056,1.351377,2.1332848,-0.26901883,1.3513609,-0.5015479,0.069923595,0.6585243,2.133151,-0.268976,1.351402
2.1331978,-0.2689914,1.3513858,2.1332965,-0.26902476,1.3513447,-0.50406915,0.07098971,0.6616045,2.1330304,-0.26893517,1.3514518
2.1331997,-0.26899058,1.3513949,2.1333282,-0.26903328,1.3513472,-0.5043088,0.07116257,0.6618941,2.1331568,-0.26897705,1.3514053
2.1332664,-0.26901478,1.351355,2.1332846,-0.2690196,1.351354,-0.50547963,0.071626395,0.663373,2.1331246,-0.2689649,1.3514282
2.1332145,-0.26899666,1.3513803,2.133309,-0.2690284,1.3513423,2.1331425,-0.26897296,1.3514063,2.1331677,-0.2689815,1.351395
2.1332088,-0.26899457,1.3513845,2.133267,-0.269014,1.3513607,2.133218,-0.26899746,1.3513854,2.1331537,-0.2689761,1.3514086
2.1332362,-0.26900417,1.35137,2.1332555,-0.26901037,1.3513645,2.1332867,-0.26901922,1.35136,2.133089,-0.26895526,1.3514236
2.1332254,-0.26900026,1.3513771,2.1332939,-0.26902235,1.351355,-0.5049835,0.07152347,0.6628109,2.1331334,-0.26896957,1.351411
2.1332679,-0.26901352,1.3513649,2.1332262,-0.269001,1.3513731,-0.50457585,0.071370184,0.66233337,2.133069,-0.26894885,1.3514313
2.133247,-0.2690073,1.3513697,2.133287,-0.2690202,1.3513573,2.1331422,-0.2689731,1.351406,2.1330507,-0.26894206,1.3514429
2.1332724,-0.26901585,1.3513563,2.133267,-0.26901343,1.3513641,2.1333194,-0.26903123,1.3513452,2.1330552,-0.2689427,1.3514467
2.1332395,-0.26900464,1.3513736,2.1332674,-0.269014,1.3513622,2.133241,-0.26900712,1.3513619,2.1331577,-0.26897845,1.3513994
2.1333086,-0.26902846,1.3513412,2.1332772,-0.26901823,1.3513504,-0.5040684,0.07108781,0.66155624,2.133099,-0.26895922,1.3514177
2.1332426,-0.26900554,1.35137,2.133312,-0.26902893,1.3513445,2.133081,-0.26895198,1.3514335,2.1331224,-0.26896614,1.3514149
2.1332262,-0.26900172,1.3513676,2.133311,-0.26902807,1.3513452,2.1332383,-0.26900336,1.3513788,2.1331713,-0.268983,1.3513919
2.1332095,-0.2689954,1.35138,2.1332462,-0.26900688,1.3513702,2.1331549,-0.26897687,1.3514029,2.1331215,-0.2689653,1.3514184
2.1332219,-0.26899895,1.3513765,2.1333108,-0.26902795,1.3513455,2.1330826,-0.26895255,1.3514334,2.133149,-0.26897487,1.3514065
2.1332805,-0.2690181,1.3513567,2.1332495,-0.26900804,1.3513685,2.1331575,-0.26897812,1.3514003,2.133101,-0.268959,1.3514262
2.1332831,-0.26901865,1.351362,2.1332312,-0.26900208,1.3513743,2.1333392,-0.26903844,1.3513304,2.1331763,-0.26898295,1.3514031
2.1332617,-0.26901156,1.3513671,2.1332815,-0.26901817,1.351359,-0.50253594,0.07032068,0.65951604,2.1330054,-0.26892698,1.3514634
2.1332724,-0.2690146,1.3513676,2.1332304,-0.26900142,1.3513768,-0.5059671,0.071849,0.6639906,2.1330323,-0.26893476,1.3514575
2.1332495,-0.26900786,1.3513697,2.1333077,-0.26902753,1.3513439,-0.5019555,0.07015164,0.65913326,2.1332154,-0.26899648,1.3513831
2.1332965,-0.2690245,1.3513453,2.1333046,-0.26902667,1.3513443,-0.5054522,0.07160631,0.6633525,2.133182,-0.2689857,1.3513943
2.133237,-0.2690032,1.3513775,2.1332278,-0.26900056,1.3513786,-0.5069844,0.07234864,0.6652112,2.1331298,-0.2689679,1.3514156
2.1333165,-0.26903036,1.3513426,2.133316,-0.26902863,1.3513542,2.1331427,-0.26897234,1.3514109,2.1332107,-0.2689935,1.3513961
2.1331916,-0.26898956,1.3513862,2.133246,-0.26900765,1.3513638,2.1332288,-0.2690004,1.351383,2.1330423,-0.26893994,1.3514401
2.1332097,-0.26899585,1.3513758,2.1333077,-0.2690274,1.3513464,2.1331196,-0.2689647,1.3514163,2.1330738,-0.26895073,1.3514286
2.1332102,-0.2689941,1.3513908,2.133241,-0.26900598,1.3513678,2.1331172,-0.26896414,1.3514194,2.1331007,-0.2689597,1.3514165
2.1332462,-0.26900715,1.3513682,2.1332936,-0.26902425,1.3513418,-0.5056888,0.0717998,0.663715,2.1330218,-0.2689324,1.3514559
2.1332755,-0.26901677,1.3513576,2.133299,-0.26902455,1.3513488,2.1332211,-0.26899955,1.3513747,2.1330893,-0.26895434,1.3514335
2.1332278,-0.26900223,1.3513669,2.133288,-0.26902053,1.351357,2.133281,-0.2690188,1.3513511,2.1331687,-0.26898086,1.351403
2.1332536,-0.26900846,1.3513728,2.1332264,-0.2690012,1.3513715,-0.5050518,0.071466416,0.66273177,2.1331615,-0.26897785,1.3514062
2.1332178,-0.26899898,1.3513707,2.1332457,-0.26900715,1.3513683,-0.5019403,0.07016282,0.65907085,2.1331394,-0.26897264,1.3514031
2.133288,-0.26902092,1.3513553,2.1332383,-0.2690034,1.3513805,-0.50764257,0.072592005,0.66582507,2.1332293,-0.26900166,1.3513743
2.1332684,-0.26901418,1.3513618,2.133268,-0.26901567,1.3513514,2.1331112,-0.26896328,1.351413,2.1330955,-0.26895663,1.3514296
2.133202,-0.26899195,1.3513888,2.1332603,-0.26901093,1.35137,2.133072,-0.2689495,1.351433,2.1332018,-0.26899216,1.3513845
2.1332524,-0.26900905,1.3513665,2.1332877,-0.2690201,1.3513608,2.1333113,-0.26902837,1.351348,2.1331959,-0.26898977,1.3513925
2.1332216,-0.2689983,1.3513817,2.133249,-0.2690094,1.3513583,-0.5047075,0.07127823,0.66224945,2.1331215,-0.26896536,1.3514203
2.1332328,-0.2690019,1.3513793,2.1333022,-0.26902533,1.3513504,-0.5063202,0.07212274,0.664269,2.1331322,-0.2689699,1.3514105
2.1332147,-0.26899672,1.35138,2.1332464,-0.26900735,1.3513687,2.133064,-0.26894772,1.3514297,2.1330712,-0.26895002,1.3514308
2.1332302,-0.26900163,1.3513752,2.1333046,-0.2690263,1.3513501,2.1332417,-0.26900733,1.3513616,2.1330051,-0.26892754,1.3514594
2.1331978,-0.268991,1.3513883,2.1332884,-0.26902008,1.35136,-0.50393474,0.07102795,0.6613747,2.1331253,-0.26896614,1.3514217
2.1332462,-0.26900777,1.3513631,2.1332154,-0.26899615,1.3513854,-0.50572985,0.07183054,0.6635299,2.1330214,-0.26893288,1.3514541
2.1332202,-0.2689992,1.3513726,2.1332703,-0.2690155,1.3513566,2.1332521,-0.26900855,1.3513708,2.1330638,-0.26894498,1.3514475
2.1332293,-0.2690016,1.3513745,2.1332402,-0.2690062,1.3513625,2.133246,-0.26900715,1.3513666,2.1330502,-0.26894176,1.3514454
2.1332817,-0.2690177,1.3513634,2.133234,-0.26900285,1.3513753,2.133251,-0.26900822,1.3513713,2.1332018,-0.26899222,1.3513871
2.1332493,-0.2690077,1.3513724,2.1332495,-0.26900804,1.3513691,2.1331296,-0.26896834,1.3514128,2.133128,-0.26896852,1.351408
2.1332636,-0.26901257,1.3513637,2.1333153,-0.26902848,1.3513545,2.1332288,-0.2690031,1.3513631,2.1332154,-0.2689963,1.3513833
2.1332116,-0.26899606,1.3513824,2.133319,-0.26903087,1.3513443,-0.50730187,0.072402954,0.66548187,2.1331491,-0.268975,1.3514048
2.1331906,-0.26898926,1.3513867,2.1332293,-0.26900133,1.3513769,2.1330824,-0.26895353,1.3514258,2.1331866,-0.268986,1.3514032
2.1332998,-0.2690249,1.3513491,2.1332228,-0.26899907,1.3513798,2.1332834,-0.2690185,1.3513612,2.1330197,-0.26893178,1.3514565
2.1332994,-0.26902458,1.3513498,2.1333292,-0.2690347,1.3513355,2.1332448,-0.2690072,1.3513669,2.1330748,-0.26894918,1.3514386
2.1332605,-0.26901078,1.3513715,2.1332326,-0.26900166,1.3513814,2.1332273,-0.26900274,1.3513638,2.13321,-0.26899388,1.3513908
2.1332722,-0.26901644,1.3513542,2.1332555,-0.26901,1.3513659,2.1332746,-0.2690162,1.3513604,2.1330733,-0.26895013,1.3514321
2.1332908,-0.26902306,1.351344,2.133224,-0.26900002,1.3513787,2.1332147,-0.26899728,1.351379,2.1330805,-0.26895165,1.3514329
2.133264,-0.26901186,1.3513702,2.1332922,-0.26902288,1.3513471,2.1332152,-0.26899615,1.3513857,2.133151,-0.2689751,1.3514065
2.1332195,-0.26899752,1.3513829,2.1332192,-0.26899886,1.3513738,2.1333208,-0.2690313,1.3513451,2.1331224,-0.26896602,1.3514155
2.1332831,-0.26901948,1.3513542,2.1332738,-0.2690161,1.3513615,-0.506843,0.07228175,0.6649951,2.1330392,-0.26893705,1.3514588
2.1332617,-0.2690124,1.3513623,2.133295,-0.26902175,1.351359,2.1330776,-0.26895,1.3514422,2.1330936,-0.26895657,1.3514267
2.1332145,-0.26899683,1.351379,2.1332283,-0.26900074,1.3513784,-0.5079821,0.07272048,0.6664498,2.1329975,-0.26892424,1.3514644
2.1332262,-0.26900098,1.351374,2.1333241,-0.26903337,1.3513361,-0.5067839,0.07228735,0.6649608,2.1331353,-0.2689708,1.3514062
2.1332545,-0.26901034,1.3513651,2.1333096,-0.26902965,1.351335,2.1332831,-0.26901913,1.3513585,2.1331806,-0.268986,1.3513892
2.1331973,-0.26899096,1.3513863,2.133286,-0.26902014,1.3513553,2.1332445,-0.26900688,1.3513669,2.1332204,-0.26899934,1.3513724
2.1332116,-0.26899478,1.3513875,2.1333034,-0.2690257,1.3513497,2.1332316,-0.2690017,1.3513789,2.1331758,-0.26898387,1.3513924
2.1332161,-0.2689969,1.3513788,2.133237,-0.26900333,1.3513776,2.1333046,-0.2690246,1.3513566,2.1331253,-0.2689668,1.3514131
2.1332316,-0.26900214,1.3513778,2.133223,-0.26899964,1.3513792,2.1332517,-0.269009,1.3513637,2.1331606,-0.26897785,1.3514074
2.1332211,-0.26899737,1.351389,2.1332278,-0.2690009,1.3513771,2.1332223,-0.26899922,1.3513794,2.1331587,-0.26897785,1.3514007
2.133204,-0.26899204,1.3513923,2.1332324,-0.2690032,1.3513685,2.133111,-0.26896322,1.3514128,2.1332119,-0.26899588,1.3513843
2.1332505,-0.26900804,1.3513707,2.1333008,-0.2690246,1.3513525,2.1332507,-0.26901025,1.351359,2.1332004,-0.26899114,1.3513902
2.1332228,-0.26899907,1.3513764,2.133294,-0.26902398,1.3513461,2.133088,-0.26895487,1.3514274,2.1331298,-0.26896897,1.3514112
2.1332438,-0.26900738,1.3513619,2.1332364,-0.26900294,1.3513771,2.1331425,-0.26897234,1.3514107,2.1331584,-0.26897994,1.3513883
2.1333096,-0.26902774,1.3513477,2.1332927,-0.26902372,1.3513453,2.1332793,-0.26901814,1.3513552,2.1330957,-0.2689562,1.3514328
2.1332111,-0.26899564,1.3513827,2.133294,-0.26902294,1.3513508,2.1331153,-0.2689642,1.3514162,2.133149,-0.26897454,1.3514092
2.1332355,-0.2690025,1.35138,2.1333292,-0.26903516,1.3513314,-0.5060313,0.07186301,0.66416365,2.133207,-0.26899332,1.3513926
2.1332278,-0.26900017,1.3513802,2.1332922,-0.2690212,1.3513606,2.1332827,-0.26901865,1.3513595,2.1332207,-0.26899847,1.3513778
2.1332579,-0.2690119,1.3513576,2.1332638,-0.2690136,1.3513561,-0.50479025,0.0713892,0.66258705,2.1331577,-0.2689759,1.351416
2.1333158,-0.26903012,1.3513416,2.1332302,-0.26900098,1.35138,2.1332314,-0.26900026,1.3513883,2.1330981,-0.26895815,1.3514243
2.1332202,-0.26899904,1.3513745,2.1332588,-0.2690105,1.351369,2.1331673,-0.2689819,1.3513921,2.1331098,-0.2689607,1.3514286
2.133306,-0.26902732,1.3513416,2.133227,-0.26900032,1.3513778,-0.5041154,0.07110211,0.66162467,2.133161,-0.2689807,1.3513904
2.1332335,-0.26900363,1.3513676,2.1332972,-0.26902455,1.3513434,-0.5096668,0.073568866,0.66866,2.133155,-0.268976,1.351408
2.1332226,-0.26899916,1.3513808,2.1333246,-0.26903453,1.3513297,2.1333103,-0.26902804,1.3513485,2.133119,-0.26896542,1.3514152
2.1332757,-0.26901677,1.3513573,2.133241,-0.26900584,1.3513681,2.1332107,-0.26899326,1.3513929,2.133048,-0.26894122,1.3514442
2.1332438,-0.2690071,1.3513631,2.1332479,-0.26900813,1.3513659,2.1330867,-0.2689532,1.3514366,2.133062,-0.2689461,1.3514405
2.1332762,-0.26901653,1.3513592,2.133298,-0.26902348,1.3513576,2.133114,-0.26896286,1.3514211,2.133183,-0.26898563,1.3513995
2.1332548,-0.26900974,1.3513676,2.133251,-0.26900846,1.3513657,2.1332498,-0.26901,1.3513591,2.133079,-0.26895154,1.3514324
2.1332397,-0.2690039,1.3513798,2.1332445,-0.26900727,1.3513639,2.1332166,-0.26899567,1.3513892,2.1331153,-0.26896468,1.3514135
2.13324,-0.26900616,1.3513638,2.133244,-0.26900738,1.3513614,-0.508563,0.0727703,0.6668737,2.1331432,-0.26897112,1.3514196
2.1332567,-0.26900956,1.3513731,2.1332433,-0.26900667,1.3513666,-0.50388336,0.070946455,0.6612809,2.1331682,-0.26898062,1.3514035
2.1332045,-0.26899254,1.3513886,2.133243,-0.26900575,1.3513718,-0.5056564,0.07177533,0.6633731,2.1331415,-0.2689728,1.3514043
2.133254,-0.2690088,1.351374,2.133288,-0.2690197,1.3513627,2.1332233,-0.26899904,1.3513801,2.133059,-0.26894677,1.3514264
2.13328,-0.269019,1.3513505,2.1332874,-0.2690205,1.3513571,2.1332197,-0.26899824,1.351382,2.1331534,-0.26897708,1.3513986
2.1332636,-0.2690125,1.351362,2.1333375,-0.26903635,1.3513392,2.133082,-0.26895186,1.3514376,2.13309,-0.2689562,1.3514212
2.1332853,-0.26902068,1.3513504,2.1332874,-0.2690215,1.3513476,2.1330893,-0.26895553,1.3514266,2.1331615,-0.26897785,1.3514066
2.133237,-0.2690032,1.3513776,2.1332312,-0.2690014,1.3513788,2.1331315,-0.26896894,1.3514138,2.1332088,-0.26899654,1.35137
2.133216,-0.26899752,1.3513793,2.133246,-0.26900724,1.3513688,2.133224,-0.26899916,1.3513823,2.133158,-0.26897818,1.3513997
2.1332078,-0.2689938,1.3513869,2.133307,-0.26902664,1.3513509,2.1331153,-0.2689637,1.3514189,2.133057,-0.26894385,1.3514427
2.1332254,-0.26900128,1.3513691,2.1332889,-0.2690203,1.3513602,2.1331453,-0.26897344,1.3514087,2.1330967,-0.26895893,1.351416
2.1332252,-0.26899981,1.351379,2.1332698,-0.26901555,1.3513566,2.1331058,-0.2689606,1.3514205,2.133201,-0.2689924,1.3513812
2.1333065,-0.2690261,1.3513538,2.1332285,-0.26900068,1.3513782,2.1332316,-0.26900196,1.3513774,2.1330009,-0.268927,1.3514545
2.1332128,-0.2689963,1.3513801,2.1332507,-0.26900825,1.3513695,-0.5071228,0.07248227,0.6653949,2.1332078,-0.26899368,1.3513917
2.133274,-0.2690169,1.3513554,2.133303,-0.26902568,1.3513495,2.133243,-0.26900762,1.3513576,2.1331506,-0.2689746,1.35141
2.1332915,-0.269022,1.3513517,2.133245,-0.26900652,1.3513709,2.1331053,-0.26896024,1.3514229,2.132997,-0.26892632,1.3514496
2.1332657,-0.2690142,1.3513575,2.1332486,-0.26900816,1.3513666,2.1332865,-0.2690207,1.3513523,2.133221,-0.2689976,1.3513864
2.1332207,-0.26899874,1.3513776,2.1333039,-0.2690254,1.3513513,2.1331313,-0.26896837,1.3514153,2.1331537,-0.2689751,1.3514138
2.1332617,-0.2690118,1.3513662,2.1332386,-0.26900318,1.3513812,2.1332192,-0.26899865,1.3513759,2.133156,-0.26897672,1.3514053
2.1332548,-0.26900995,1.3513676,2.133232,-0.26900345,1.3513663,2.1331277,-0.2689683,1.3514123,2.133206,-0.2689954,1.3513762
2.1332192,-0.2689983,1.3513777,2.1333303,-0.26903436,1.3513408,2.1330898,-0.2689552,1.3514291,2.1331863,-0.26898736,1.35139
2.1332717,-0.26901546,1.3513571,2.1332479,-0.26900777,1.3513699,-0.5029318,0.070531175,0.6602789,2.1332116,-0.26899686,1.351374
2.133218,-0.26899788,1.3513798,2.1332808,-0.26901916,1.3513529,2.1332312,-0.2690019,1.3513768,2.1330492,-0.26894116,1.351446
2.1332488,-0.2690066,1.3513783,2.133253,-0.26901007,1.3513631,2.1333303,-0.2690327,1.3513523,2.1331978,-0.26899114,1.3513864
2.1332085,-0.26899412,1.3513862,2.1333194,-0.26903167,1.3513383,-0.5061978,0.07205938,0.66410846,2.133202,-0.26899227,1.3513874
2.133213,-0.26899683,1.3513756,2.133216,-0.268997,1.3513829,2.1331446,-0.26897335,1.3514084,2.1331863,-0.26898757,1.3513879
2.1332753,-0.2690171,1.3513583,2.1333199,-0.2690302,1.3513485,2.1330547,-0.2689433,1.3514433,2.1331964,-0.26899004,1.3513899
2.133251,-0.26900852,1.351367,2.1332293,-0.26900023,1.3513851,-0.50662434,0.07225156,0.6646933,2.1331859,-0.26898652,1.3513914
2.1332731,-0.26901484,1.3513671,2.133282,-0.2690176,1.3513662,2.1331205,-0.26896438,1.3514248,2.133168,-0.26898247,1.3513874
2.133265,-0.26901335,1.3513647,2.133266,-0.26901305,1.3513644,2.1331055,-0.26896077,1.3514202,2.13301,-0.26892966,1.3514532
2.1332636,-0.26901254,1.351365,2.1332207,-0.26899844,1.35138,-0.5057625,0.071866736,0.6636492,2.1331534,-0.2689752,1.3514119
2.133232,-0.26900244,1.351377,2.1332948,-0.26902312,1.3513507,2.133277,-0.26901883,1.3513452,2.1331646,-0.26897898,1.351406
2.133242,-0.2690055,1.3513708,2.13325,-0.26900697,1.3513781,-0.5068586,0.0722806,0.6647905,2.133186,-0.26898664,1.3513917
2.1332576,-0.2690111,1.3513638,2.1332788,-0.26901698,1.351363,2.1331394,-0.26897284,1.3514007,2.1330304,-0.26893526,1.3514537
2.1332567,-0.26901,1.3513685,2.1333222,-0.26903233,1.3513386,2.1332867,-0.269022,1.3513457,2.1330235,-0.2689348,1.3514457
2.133207,-0.26899406,1.3513844,2.133256,-0.26901028,1.3513669,2.1332135,-0.26899716,1.3513759,2.1331666,-0.2689811,1.351397
2.1333036,-0.2690257,1.3513509,2.133302,-0.26902512,1.35135,-0.511629,0.074371144,0.6708294,2.1331377,-0.2689708,1.3514128
2.1332507,-0.26900935,1.3513616,2.1332586,-0.26901084,1.3513669,2.1332989,-0.26902574,1.3513435,2.1331868,-0.26898742,1.3513931
2.1332753,-0.26901728,1.3513556,2.1332915,-0.26902094,1.3513588,2.1331553,-0.26897722,1.3514051,2.133216,-0.26899648,1.3513833
2.1332903,-0.26902184,1.3513515,2.133239,-0.2690054,1.3513678,-0.5078029,0.07275809,0.6664332,2.133169,-0.26898152,1.3513972
2.1332088,-0.26899424,1.3513842,2.133316,-0.26903072,1.3513407,2.1332564,-0.2690094,1.3513703,2.1331897,-0.26898763,1.3513957
2.1332617,-0.26901236,1.3513619,2.1332874,-0.26902163,1.3513486,2.1331449,-0.26897433,1.3514019,2.1331487,-0.26897484,1.3514062
2.1332383,-0.26900372,1.3513762,2.1332822,-0.26901966,1.3513502,2.133089,-0.26895615,1.3514196,2.1330209,-0.26893112,1.3514603
2.133245,-0.26900694,1.3513678,2.133241,-0.26900452,1.3513787,-0.50365376,0.07083145,0.66092616,2.133198,-0.26899067,1.3513889
2.1332574,-0.26901066,1.3513659,2.1332784,-0.26901823,1.3513547,-0.50546736,0.07173619,0.6632901,2.133128,-0.26896796,1.3514158
2.1332524,-0.2690097,1.3513612,2.133291,-0.26902083,1.3513582,2.1332226,-0.26899958,1.3513755,2.1331503,-0.26897496,1.3514072
2.133286,-0.26902086,1.3513509,2.1332664,-0.26901293,1.3513683,-0.50576574,0.07172774,0.6637951,2.1331227,-0.2689675,1.3514093
2.1332443,-0.26900503,1.3513803,2.1332903,-0.26902184,1.3513514,-0.5050468,0.07152854,0.6629286,2.133222,-0.26899916,1.3513769
2.133243,-0.269006,1.3513714,2.1333067,-0.2690277,1.3513427,2.1331022,-0.26895994,1.3514205,2.1330066,-0.26892614,1.351467
2.1332698,-0.269014,1.3513659,2.1332731,-0.26901564,1.3513609,-0.5055853,0.07163751,0.6634778,2.1331778,-0.26898506,1.3513867
2.1332805,-0.26901814,1.3513583,2.1332903,-0.26902235,1.3513463,2.1330729,-0.26894873,1.3514411,2.1331937,-0.26899034,1.3513843
2.1332545,-0.26901,1.351365,2.133243,-0.2690062,1.3513697,2.1330867,-0.26895434,1.3514282,2.1331823,-0.26898605,1.3513919
2.1332436,-0.26900607,1.3513719,2.1332412,-0.2690043,1.3513788,2.1330876,-0.26895344,1.3514363,2.133208,-0.26899463,1.3513803
2.133191,-0.26898855,1.3513918,2.133253,-0.2690087,1.351369,-0.50204027,0.07015316,0.65915394,2.133063,-0.26894677,1.3514321
2.1332786,-0.26901764,1.3513588,2.13325,-0.26900735,1.3513746,2.1333032,-0.26902622,1.3513448,2.1331491,-0.26897514,1.351402
2.1332922,-0.269022,1.3513536,2.1332536,-0.26901022,1.3513632,2.1332974,-0.26902518,1.3513445,2.1331143,-0.26896378,1.3514193
2.1332352,-0.26900303,1.3513762,2.1333094,-0.269028,1.351345,-0.5039286,0.07102239,0.6613536,2.133169,-0.26898265,1.3513921
2.1332126,-0.26899576,1.3513829,2.1332479,-0.26900622,1.3513803,-0.50581586,0.07186557,0.6636605,2.1330996,-0.26895934,1.3514198
2.133237,-0.26900488,1.3513662,2.133247,-0.26900738,1.3513707,-0.50520253,0.0715114,0.66316515,2.1330416,-0.26893938,1.3514446
2.1333003,-0.26902562,1.3513455,2.1332958,-0.26902434,1.3513433,2.133224,-0.2689985,1.3513886,2.1330633,-0.26894736,1.3514336
2.1332166,-0.26899734,1.3513801,2.13325,-0.26900926,1.3513609,2.1330965,-0.26895627,1.3514346,2.1330957,-0.2689568,1.3514292
2.1332703,-0.269015,1.35136,2.1333134,-0.26902935,1.3513428,2.1331017,-0.26895905,1.351425,2.1331158,-0.2689631,1.3514234
2.133266,-0.26901397,1.3513594,2.1332262,-0.2689997,1.3513818,-0.50437576,0.07122725,0.6620116,2.1331995,-0.26899207,1.3513851
2.1332684,-0.26901335,1.3513696,2.1332262,-0.26900026,1.3513778,2.1330864,-0.26895493,1.3514242,2.1331549,-0.26897585,1.3514103
2.1332858,-0.26901907,1.3513628,2.1332312,-0.2690025,1.3513718,-0.51262724,0.07484056,0.6721402,2.133064,-0.26894513,1.351447
2.1332731,-0.26901564,1.3513596,2.1333222,-0.2690314,1.3513466,2.1330724,-0.2689493,1.3514361,2.1331677,-0.2689808,1.3514004
2.133213,-0.26899573,1.3513834,2.1332355,-0.2690028,1.3513767,2.13326,-0.26901034,1.3513753,2.1331544,-0.2689763,1.351408
2.1332607,-0.2690115,1.3513666,2.1333053,-0.26902735,1.3513411,2.133117,-0.26896423,1.3514172,2.1331792,-0.26898542,1.3513869
2.133216,-0.2689977,1.351374,2.1332889,-0.26902223,1.3513458,2.133156,-0.26897797,1.3513983,2.133185,-0.26898676,1.3513932
2.1332824,-0.26901975,1.3513514,2.1332831,-0.26901904,1.3513591,-0.5078065,0.072659194,0.66603184,2.1331456,-0.2689727,1.3514128
2.1332486,-0.26900768,1.351372,2.1332169,-0.26899704,1.3513818,2.1331282,-0.2689684,1.3514113,2.1330333,-0.2689369,1.3514448
2.1333039,-0.2690253,1.3513521,2.1332855,-0.26901966,1.351357,2.133071,-0.26894897,1.3514366,2.1330247,-0.26893395,1.3514498
2.1332715,-0.26901555,1.351359,2.1333165,-0.2690317,1.3513349,-0.50973356,0.07352792,0.6684384,2.133156,-0.26897678,1.3514065
2.1332312,-0.26900247,1.3513728,2.133296,-0.26902375,1.3513497,-0.5044753,0.071214184,0.662042,2.1330724,-0.2689476,1.351447
2.1332426,-0.26900688,1.3513623,2.13323,-0.26900154,1.3513755,2.13317,-0.26898205,1.3513964,2.1331604,-0.26897943,1.3513925
2.1332603,-0.26901078,1.3513696,2.1332545,-0.26900956,1.3513659,2.1332333,-0.269002,1.3513774,2.1331313,-0.26896888,1.351415
2.133223,-0.2689988,1.3513813,2.1333008,-0.26902592,1.3513423,2.1330714,-0.26894918,1.3514339,2.133188,-0.26898926,1.351379
2.1332188,-0.2689981,1.3513793,2.1333117,-0.26902884,1.3513421,-0.5041987,0.07104407,0.6616485,2.133108,-0.26896077,1.3514234
2.1332614,-0.26901188,1.3513638,2.13325,-0.26900747,1.3513745,2.1330683,-0.26894882,1.3514313,2.133015,-0.26893014,1.3514564
2.13326,-0.26901072,1.3513697,2.133282,-0.2690178,1.3513645,2.1333287,-0.2690343,1.3513387,2.133121,-0.2689657,1.351415
2.1332157,-0.2689959,1.3513889,2.1332285,-0.2690022,1.3513683,-0.50690675,0.07237436,0.6650356,2.1331162,-0.26896328,1.3514225
2.1332457,-0.26900652,1.3513719,2.1332445,-0.2690071,1.3513659,-0.5080228,0.07288435,0.6665069,2.1331577,-0.26897568,1.3514162
2.1332333,-0.2690025,1.3513759,2.133226,-0.26899964,1.3513814,2.133217,-0.26899704,1.3513862,2.1331894,-0.26898658,1.351399
2.1332464,-0.269006,1.3513769,2.1332412,-0.26900548,1.3513701,-0.5053971,0.07154277,0.6631738,2.1330426,-0.26893806,1.351453
2.1332524,-0.26900896,1.3513688,2.1332538,-0.26900923,1.351369,2.1332362,-0.26900274,1.3513778,2.133234,-0.26900277,1.3513752
2.1332073,-0.26899466,1.3513814,2.1332965,-0.26902282,1.3513572,2.1330812,-0.26895216,1.3514332,2.1331775,-0.2689849,1.3513929
2.133223,-0.2689993,1.3513783,2.1333039,-0.26902658,1.3513442,-0.50589097,0.07187693,0.66382205,2.1330519,-0.26894295,1.3514384
2.1332152,-0.26899683,1.3513799,2.133263,-0.2690133,1.3513594,-0.5082029,0.07279797,0.6665431,2.1330051,-0.26892903,1.3514462
2.133299,-0.26902363,1.3513575,2.1332295,-0.2690008,1.3513812,-0.50314164,0.07058303,0.66032696,2.1331737,-0.26898262,1.3514005
2.133235,-0.2690034,1.3513743,2.1332817,-0.26901796,1.3513627,-0.505572,0.0716663,0.66352105,2.1330802,-0.26895338,1.3514236
2.133263,-0.2690124,1.3513651,2.1332798,-0.2690186,1.351355,2.1331596,-0.26897806,1.3514006,2.1331902,-0.26899153,1.3513677
2.1332757,-0.26901686,1.3513573,2.1332498,-0.26900712,1.3513753,-0.5065801,0.07209127,0.6646333,2.1332192,-0.26899785,1.3513807
2.1332662,-0.2690124,1.3513709,2.1332784,-0.26901776,1.3513566,2.1332858,-0.26902178,1.3513457,2.1332169,-0.26899618,1.3513867
2.1332562,-0.26901126,1.3513594,2.1333103,-0.26902834,1.3513448,2.133058,-0.26894414,1.3514427,2.133165,-0.26898006,1.3513997
2.1332364,-0.26900375,1.3513709,2.133265,-0.269013,1.3513632,2.1330805,-0.26895213,1.3514324,2.1331968,-0.26899144,1.3513843
2.133234,-0.26900205,1.3513819,2.1332862,-0.26901993,1.3513577,2.133219,-0.26899862,1.3513755,2.1331763,-0.2689837,1.3513988
2.1332192,-0.26899868,1.3513749,2.1332474,-0.2690071,1.3513705,2.1330624,-0.26894504,1.3514466,2.1331868,-0.26898718,1.3513933
2.133307,-0.26902637,1.3513514,2.133293,-0.26902246,1.3513517,-0.50796163,0.07270402,0.66643065,2.133079,-0.26895064,1.3514419
2.1332664,-0.26901397,1.35136,2.133295,-0.26902363,1.3513485,-0.507296,0.07253744,0.66553676,2.1332068,-0.26899603,1.3513702
2.1332343,-0.26900294,1.3513751,2.1333008,-0.26902518,1.3513469,2.1332276,-0.26900125,1.351374,2.133021,-0.26893443,1.3514397
2.1332932,-0.26902214,1.3513535,2.1332242,-0.26899958,1.3513792,2.1330867,-0.26895458,1.3514267,2.1331353,-0.26896906,1.3514205
2.1332297,-0.2689997,1.3513921,2.133254,-0.26900983,1.3513652,-0.505608,0.07168083,0.66326964,2.1332319,-0.269003,1.35137
2.133223,-0.26899922,1.3513788,2.1332462,-0.26900664,1.3513707,2.1332712,-0.26901472,1.3513621,2.1331959,-0.2689911,1.3513836
2.1332614,-0.26901263,1.3513601,2.1333098,-0.26902705,1.3513514,-0.5087949,0.0732594,0.66742015,2.133199,-0.26899225,1.3513782
2.1332326,-0.26900238,1.3513749,2.1332932,-0.26902175,1.3513569,2.1333199,-0.26903132,1.351345,2.1330366,-0.26893666,1.351453
2.1332128,-0.26899502,1.351389,2.133226,-0.26900035,1.3513764,2.133229,-0.26900053,1.3513844,2.1332204,-0.26899832,1.3513771
2.133302,-0.26902425,1.3513552,2.1332338,-0.26900387,1.3513678,-0.5037587,0.0708504,0.66112494,2.1331785,-0.26898515,1.3513871
2.1332653,-0.26901224,1.3513705,2.1332254,-0.2689993,1.3513814,-0.5045524,0.07130025,0.662297,2.1331847,-0.26898748,1.3513864
2.1331916,-0.2689888,1.3513914,2.1332264,-0.26899996,1.3513808,-0.50730956,0.072495654,0.66558343,2.1331978,-0.26899087,1.3513892
2.1332655,-0.2690142,1.3513556,2.133279,-0.26901823,1.3513561,-0.5025687,0.07033318,0.65954506,2.133156,-0.26897803,1.3513964
2.1332853,-0.2690196,1.351358,2.1332545,-0.26901025,1.3513628,2.1331134,-0.26896268,1.3514215,2.133196,-0.26899076,1.3513848
2.1332488,-0.26900896,1.3513612,2.1332736,-0.26901507,1.3513674,2.1331599,-0.26897812,1.3514014,2.1331863,-0.26898596,1.3514012
2.1332068,-0.2689934,1.3513881,2.1332366,-0.26900357,1.351375,-0.5055631,0.07176785,0.66339797,2.1331878,-0.26898775,1.3513902
2.1332197,-0.268999,1.3513744,2.1332421,-0.26900554,1.3513713,-0.5054663,0.071698174,0.6632105,2.13312,-0.2689649,1.351421
2.1332946,-0.2690221,1.3513583,2.1332788,-0.26901883,1.3513521,2.1332297,-0.2690034,1.3513626,2.1330776,-0.2689507,1.3514361
2.133307,-0.26902688,1.3513478,2.13328,-0.2690189,1.3513526,2.1333241,-0.26903158,1.3513457,2.1330652,-0.26894793,1.3514317
2.1332097,-0.2689948,1.3513842,2.1332278,-0.26900172,1.35137,-0.5068709,0.072289705,0.6650392,2.1330242,-0.26893318,1.3514521
2.1332557,-0.26900947,1.3513695,2.1332164,-0.26899657,1.3513843,2.1332688,-0.26901448,1.3513643,2.1331322,-0.26896968,1.35141
2.1332488,-0.26900685,1.3513747,2.1333127,-0.2690291,1.3513426,2.133286,-0.2690205,1.3513507,2.133205,-0.26899222,1.3513913
2.1332667,-0.26901358,1.3513603,2.133218,-0.26899743,1.3513814,2.1332088,-0.26899412,1.3513864,2.1330402,-0.26893836,1.3514508
2.133281,-0.2690175,1.3513634,2.1332684,-0.26901367,1.3513654,2.1332517,-0.26900947,1.3513647,2.1330464,-0.26894012,1.3514487
2.133245,-0.2690072,1.3513664,2.1332455,-0.26900622,1.3513745,2.133236,-0.26900366,1.3513706,2.133017,-0.2689311,1.3514546
2.1332421,-0.26900524,1.3513716,2.1332226,-0.26899794,1.3513869,2.1330624,-0.26894614,1.3514391,2.13303,-0.2689362,1.3514441
2.133215,-0.26899737,1.3513745,2.1332784,-0.26901683,1.3513628,2.1333017,-0.26902655,1.3513418,2.1331859,-0.26898563,1.3514019
2.1332455,-0.26900786,1.3513616,2.133263,-0.26901272,1.3513627,2.1330729,-0.2689493,1.3514369,2.1330907,-0.26895604,1.3514239
2.1332304,-0.26900202,1.3513743,2.1332464,-0.2690071,1.3513676,2.1330543,-0.26894367,1.35144,2.133017,-0.26893112,1.351454
2.1332088,-0.2689951,1.3513806,2.1332388,-0.2690044,1.3513733,2.1333187,-0.26902974,1.3513494,2.1331208,-0.26896504,1.3514185
2.1332026,-0.2689914,1.3513937,2.133296,-0.26902282,1.3513557,2.1333153,-0.26903033,1.3513371,2.1332018,-0.2689928,1.3513812
2.1332994,-0.2690233,1.3513585,2.1332326,-0.26900125,1.3513839,2.1332746,-0.2690162,1.3513638,2.1331053,-0.2689606,1.3514203
2.133254,-0.26900932,1.3513656,2.1332679,-0.26901388,1.351365,2.1332219,-0.26899877,1.3513832,2.1331556,-0.2689764,1.351411
2.133254,-0.2690107,1.3513571,2.13329,-0.2690206,1.3513604,2.1331437,-0.268973,1.3514075,2.1331482,-0.26897472,1.3514062
2.1331959,-0.26898965,1.3513937,2.1332517,-0.2690086,1.3513681,-0.5044604,0.071201205,0.6620008,2.1331167,-0.26896527,1.35141
2.13325,-0.26900804,1.351369,2.1332622,-0.2690111,1.3513727,2.1332479,-0.26900628,1.3513757,2.1330152,-0.26893008,1.3514606
2.1332607,-0.26901183,1.3513652,2.133288,-0.2690207,1.3513542,2.1331375,-0.26897204,1.3514026,2.132996,-0.26892418,1.3514656
2.133223,-0.26899865,1.3513814,2.133224,-0.26900038,1.3513724,-0.50356925,0.07074672,0.66084385,2.1331363,-0.26897144,1.3514075
2.1332598,-0.2690112,1.3513674,2.1332994,-0.26902542,1.3513426,2.1331468,-0.2689749,1.3514003,2.1331663,-0.26898062,1.3513999
2.1332755,-0.26901686,1.3513591,2.1332273,-0.2690002,1.3513802,2.1331584,-0.2689777,1.3514047,2.133039,-0.26893955,1.3514397
2.1332605,-0.26901132,1.351367,2.1332645,-0.26901245,1.3513657,2.1332636,-0.2690108,1.3513745,2.1331177,-0.26896453,1.3514179
2.1331959,-0.26899037,1.3513904,2.1332412,-0.26900643,1.3513643,2.1332164,-0.26899633,1.3513848,2.133133,-0.26896936,1.3514129
2.1332116,-0.2689962,1.3513777,2.1332989,-0.26902464,1.3513472,2.1330853,-0.2689546,1.351423,2.1330047,-0.26892638,1.3514624
2.1332555,-0.2690103,1.3513645,2.133243,-0.26900625,1.3513716,2.133059,-0.2689452,1.3514417,2.1331785,-0.26898465,1.3513973
2.1332426,-0.26900586,1.3513733,2.13328,-0.26901808,1.3513583,-0.5049885,0.07140513,0.6626755,2.133038,-0.26893976,1.351439
2.1333075,-0.26902762,1.3513445,2.133253,-0.26900852,1.3513731,2.1331196,-0.2689647,1.3514161,2.1331263,-0.2689683,1.3514085
2.1332245,-0.2689997,1.3513772,2.1332483,-0.2690072,1.3513724,2.133151,-0.26897466,1.3514119,2.1330948,-0.26895696,1.3514265
2.1332426,-0.26900667,1.3513652,2.1332853,-0.26902044,1.3513492,-0.5034516,0.07074267,0.660694,2.133051,-0.2689429,1.3514401
2.1331913,-0.26898926,1.351389,2.133275,-0.26901686,1.35136,-0.5090327,0.07320888,0.6676239,2.1330733,-0.26895082,1.3514242
2.1332297,-0.26900175,1.3513771,2.1333063,-0.26902667,1.3513485,2.1330614,-0.26894462,1.3514466,2.1331332,-0.2689696,1.3514122
2.1332438,-0.26900652,1.3513685,2.1332312,-0.269002,1.3513764,2.1332707,-0.2690147,1.3513616,2.1330352,-0.26893827,1.3514417
2.1332123,-0.26899654,1.3513759,2.1332788,-0.26901793,1.3513561,-0.50346375,0.0706964,0.6606947,2.1331377,-0.26897085,1.3514122
2.1332169,-0.26899666,1.351385,2.133307,-0.26902857,1.3513392,-0.50809735,0.07293433,0.66669023,2.1331708,-0.26898086,1.3514074
2.1332645,-0.2690124,1.3513677,2.1332705,-0.26901537,1.3513587,2.1330624,-0.2689462,1.3514389,2.1330314,-0.26893634,1.3514448
2.133265,-0.26901424,1.3513569,2.133236,-0.26900345,1.3513719,-0.5062812,0.07207535,0.6642418,2.133177,-0.26898238,1.3514041
2.1332567,-0.26901037,1.3513664,2.133338,-0.26903725,1.351336,-0.50676835,0.07227066,0.66478014,2.1331823,-0.2689865,1.3513898
2.1332588,-0.26901215,1.3513587,2.1332285,-0.2690017,1.3513732,2.1330588,-0.26894432,1.3514444,2.1330833,-0.26895335,1.3514255
2.1332102,-0.26899573,1.3513793,2.1332245,-0.26899907,1.3513819,2.1332524,-0.26900944,1.3513656,2.1330326,-0.2689368,1.3514466
2.1332126,-0.26899514,1.3513864,2.1332414,-0.26900488,1.3513747,2.133294,-0.269024,1.3513414,2.1331992,-0.26899135,1.3513883
2.1332498,-0.26900864,1.3513625,2.1332817,-0.26901874,1.3513571,2.1330948,-0.26895773,1.3514206,2.133081,-0.26895386,1.3514184
2.1332326,-0.2690029,1.3513722,2.1333086,-0.2690278,1.3513433,2.133222,-0.2689979,1.3513856,2.1330163,-0.26893264,1.3514466
2.133307,-0.26902628,1.3513521,2.1333025,-0.26902497,1.3513559,2.1330657,-0.26894817,1.3514315,2.133132,-0.26896915,1.3514122
2.1332502,-0.26900947,1.3513609,2.133257,-0.26901066,1.3513666,-0.5078997,0.07284342,0.666299,2.1331306,-0.2689678,1.3514172
2.1332207,-0.2689987,1.3513786,2.1332378,-0.26900324,1.3513808,2.1333344,-0.26903635,1.3513323,2.1331925,-0.26898897,1.351389
2.133251,-0.26900867,1.35137,2.1332736,-0.26901585,1.351359,2.133234,-0.26900128,1.3513829,2.133156,-0.26897854,1.351395
2.1332643,-0.26901186,1.351371,2.1332862,-0.269019,1.3513638,2.1331573,-0.26897728,1.3514048,2.133186,-0.26898566,1.3514041
2.133243,-0.2690059,1.3513724,2.1332507,-0.2690076,1.3513744,-0.50607055,0.07198365,0.6639019,2.1331484,-0.2689758,1.3513955
2.1332583,-0.2690119,1.3513595,2.1333132,-0.26902932,1.3513436,2.133222,-0.26900083,1.3513668,2.1330075,-0.26892847,1.3514525
2.133275,-0.26901528,1.3513654,2.1332207,-0.26899883,1.35138,-0.5066263,0.07222,0.6647608,2.1331158,-0.26896423,1.3514184
2.1332517,-0.26900786,1.3513745,2.1332445,-0.2690065,1.3513693,2.13322,-0.26899785,1.3513842,2.1330678,-0.2689478,1.3514363
2.1332366,-0.26900405,1.3513746,2.13322,-0.26899773,1.3513821,-0.50389653,0.0709348,0.66134083,2.133139,-0.2689706,1.3514172
2.1332338,-0.2690027,1.3513757,2.1332388,-0.26900542,1.3513659,2.133154,-0.2689756,1.3514105,2.1331272,-0.26896828,1.351408
2.1332242,-0.26899877,1.3513855,2.1332202,-0.26899844,1.3513795,-0.5039224,0.0710019,0.6614368,2.133069,-0.2689483,1.3514363
2.1332822,-0.26901913,1.3513536,2.1333292,-0.26903486,1.3513359,-0.50270045,0.07049213,0.6598732,2.1330585,-0.26894477,1.351441
2.1332068,-0.26899254,1.3513937,2.1332684,-0.2690141,1.3513647,-0.50600046,0.07187675,0.66423917,2.1331198,-0.26896518,1.3514168
2.1332054,-0.26899353,1.3513873,2.133284,-0.26902005,1.3513538,-0.50871235,0.07308498,0.66713727,2.1330514,-0.2689428,1.3514383
2.133215,-0.2689969,1.3513805,2.1332521,-0.26900947,1.3513652,2.133158,-0.26897818,1.3514004,2.133175,-0.2689827,1.3514003
2.1332574,-0.26901,1.3513703,2.1332655,-0.2690134,1.3513638,2.1333241,-0.2690335,1.3513352,2.1331108,-0.268963,1.3514132
2.1332636,-0.26901275,1.3513637,2.1332512,-0.26900855,1.351369,2.1331291,-0.26896828,1.3514138,2.1330104,-0.2689301,1.351451
2.1332893,-0.26902246,1.3513467,2.133244,-0.26900706,1.3513659,-0.5050405,0.07151137,0.6625931,2.1332078,-0.26899618,1.3513702
2.1332383,-0.26900595,1.3513658,2.1333213,-0.26903108,1.3513473,-0.50858444,0.07298657,0.6669692,2.1330314,-0.26893616,1.3514487
2.1332736,-0.26901495,1.3513685,2.133239,-0.26900423,1.3513749,-0.5012088,0.06978674,0.6580484,2.1331415,-0.26897138,1.351416
2.1332397,-0.26900405,1.351377,2.1333148,-0.26903033,1.3513368,-0.5059699,0.07191177,0.6637652,2.1332,-0.26899153,1.3513873
2.1332645,-0.26901203,1.3513683,2.133306,-0.26902586,1.3513525,2.133284,-0.26902062,1.3513519,2.133129,-0.26896784,1.3514174
2.133263,-0.26901197,1.3513695,2.133309,-0.26902783,1.3513455,2.1332192,-0.2689976,1.3513821,2.1331465,-0.26897323,1.3514155
2.1332254,-0.26900008,1.3513783,2.133246,-0.26900628,1.3513733,2.1332273,-0.26899877,1.351389,2.133225,-0.26900098,1.3513688
2.1332395,-0.26900393,1.3513778,2.1332836,-0.26901996,1.3513498,2.1330712,-0.26894936,1.3514332,2.1330247,-0.26893407,1.3514489
2.1332672,-0.2690146,1.3513576,2.1332307,-0.26900235,1.3513724,-0.505325,0.07167728,0.66338086,2.1330142,-0.26893196,1.3514472
2.1332674,-0.2690146,1.3513571,2.133306,-0.26902664,1.3513495,2.133141,-0.26897228,1.3514076,2.1331248,-0.2689665,1.3514186
2.133262,-0.26901123,1.3513707,2.1332824,-0.26901805,1.351364,-0.506625,0.07227464,0.66480947,2.1332083,-0.26899472,1.3513814
2.1332502,-0.26900938,1.3513623,2.1332977,-0.26902407,1.3513492,2.133284,-0.269019,1.351359,2.13315,-0.2689757,1.3514028
2.1332874,-0.26901966,1.3513614,2.1333053,-0.26902738,1.351341,-0.5062993,0.07207608,0.6644516,2.1331654,-0.26898044,1.3514003
2.1332517,-0.26900974,1.3513606,2.133228,-0.26900122,1.3513752,-0.50229865,0.07025224,0.659492,2.133085,-0.26895326,1.3514321
2.133285,-0.26901954,1.3513578,2.133237,-0.26900297,1.35138,2.1330652,-0.2689482,1.3514287,2.1330419,-0.26893914,1.3514451
2.133237,-0.26900285,1.3513801,2.1332953,-0.26902306,1.3513521,2.1331172,-0.2689637,1.3514222,2.1331441,-0.26897287,1.3514125
2.1332045,-0.26899326,1.3513876,2.1332939,-0.26902273,1.3513504,2.1332998,-0.26902366,1.3513554,2.1330695,-0.26894805,1.3514389
2.1332304,-0.26900172,1.3513786,2.1332576,-0.26901156,1.3513607,-0.5041678,0.07121338,0.66198456,2.1330118,-0.26892927,1.3514597
2.1332464,-0.26900682,1.351371,2.1332664,-0.26901323,1.3513663,-0.5071422,0.07233837,0.6656347,2.1331472,-0.2689744,1.3514075
2.133261,-0.26901147,1.3513666,2.1332946,-0.2690229,1.351352,2.1331167,-0.2689638,1.3514198,2.1331465,-0.26897472,1.3514034
2.1332698,-0.26901382,1.3513669,2.1333332,-0.2690361,1.3513341,-0.50451195,0.07116088,0.6620986,2.1331873,-0.2689872,1.3513914
2.1332252,-0.26900017,1.3513771,2.133286,-0.26901934,1.3513612,2.1332526,-0.26900992,1.3513638,2.1329992,-0.26892364,1.3514742
2.133262,-0.26901323,1.3513557,2.1332436,-0.26900542,1.3513741,-0.50271493,0.07039197,0.65976584,2.133151,-0.268976,1.3514019
2.1332622,-0.26901188,1.3513656,2.133282,-0.2690197,1.3513502,-0.5020097,0.070181176,0.6591297,2.1330824,-0.26895407,1.3514193
2.1332774,-0.269018,1.3513544,2.1332252,-0.2690004,1.3513774,2.1332188,-0.2689988,1.3513753,2.1331344,-0.26896983,1.3514103
2.1332166,-0.268997,1.3513788,2.1332507,-0.2690083,1.3513683,2.1330903,-0.26895654,1.3514198,2.1329958,-0.26892412,1.3514642
2.1332386,-0.26900566,1.3513699,2.133256,-0.2690106,1.3513635,-0.505886,0.07189612,0.66375244,2.133179,-0.26898542,1.351391
2.1332462,-0.26900795,1.351362,2.13327,-0.26901522,1.3513596,2.1330595,-0.26894602,1.3514329,2.1330247,-0.26893526,1.3514445
2.1332245,-0.26900008,1.3513757,2.1332967,-0.26902306,1.3513553,2.1330833,-0.26895243,1.3514355,2.1331418,-0.26897222,1.3514081
2.1332843,-0.26901877,1.3513631,2.1332822,-0.26901883,1.351357,2.133104,-0.26896077,1.3514172,2.1331859,-0.26898688,1.351394
2.1332335,-0.26900324,1.3513727,2.1332998,-0.26902434,1.3513511,-0.5090434,0.07328829,0.6676187,2.1330414,-0.2689382,1.351453
2.1332188,-0.26899862,1.3513743,2.133287,-0.26902056,1.3513523,-0.50593483,0.071899876,0.66395676,2.1331294,-0.26896793,1.3514165
2.133259,-0.2690117,1.351364,2.133255,-0.26900923,1.3513699,2.1330686,-0.26894718,1.3514442,2.1331663,-0.26898056,1.3513988
2.1332316,-0.26900205,1.3513749,2.1332462,-0.26900694,1.3513705,-0.506671,0.07214044,0.6646773,2.1330073,-0.26892817,1.3514582
2.1332572,-0.26901084,1.351365,2.1332505,-0.26900932,1.3513613,2.1332917,-0.2690219,1.3513533,2.1331685,-0.26898086,1.3513981
2.1332479,-0.26900792,1.3513674,2.1332965,-0.26902473,1.3513447,2.1333199,-0.2690333,1.3513325,2.1331944,-0.26898944,1.3513932
2.13321,-0.26899427,1.3513868,2.133278,-0.26901776,1.3513564,2.1332707,-0.26901564,1.3513569,2.1330473,-0.26894104,1.351447
2.1331897,-0.26898867,1.3513905,2.133224,-0.269,1.3513789,2.1331277,-0.26896834,1.3514111,2.133231,-0.26900214,1.351374
2.1332388,-0.26900527,1.3513659,2.1332788,-0.26901847,1.351354,2.1331108,-0.2689613,1.3514271,2.1330166,-0.26893148,1.3514484
2.133213,-0.2689964,1.3513795,2.1332517,-0.2690088,1.3513685,2.133097,-0.2689567,1.3514322,2.1329994,-0.26892516,1.351465
2.1332195,-0.26899895,1.3513744,2.1332304,-0.26900148,1.3513745,-0.50586027,0.071813226,0.6640813,2.133165,-0.26898077,1.3513954
2.1332357,-0.26900244,1.3513795,2.1332896,-0.2690218,1.3513496,2.1332247,-0.2689995,1.3513795,2.133041,-0.2689404,1.3514405
2.133217,-0.26899654,1.3513848,2.1332645,-0.26901293,1.3513619,2.1331723,-0.26898262,1.3513962,2.1331894,-0.26898956,1.3513844
2.13326,-0.26901108,1.3513671,2.1333084,-0.2690271,1.3513495,-0.50538,0.07158296,0.6632546,2.1331754,-0.26898333,1.3513978
2.1332686,-0.2690151,1.3513566,2.1332595,-0.2690125,1.3513554,2.133227,-0.26900035,1.3513812,2.133124,-0.26896477,1.351428
2.1332798,-0.2690192,1.351351,2.1332421,-0.2690062,1.3513676,2.1333132,-0.26902986,1.3513366,2.1330135,-0.26893184,1.3514477
2.133248,-0.26900822,1.3513633,2.1332521,-0.26900953,1.3513633,2.1332922,-0.26902202,1.351353,2.133174,-0.2689825,1.3513991
2.1332078,-0.26899302,1.3513929,2.1332963,-0.2690236,1.3513509,-0.5046601,0.071260884,0.6622687,2.1330574,-0.2689435,1.3514446
2.1332054,-0.2689938,1.3513855,2.1332283,-0.26900014,1.351383,2.1332736,-0.269016,1.3513643,2.1331496,-0.26897556,1.3514031
2.1332026,-0.26899332,1.35138,2.1332712,-0.269014,1.35137,-0.5082742,0.07295515,0.6668623,2.1331246,-0.26896748,1.3514085
2.133236,-0.26900375,1.3513728,2.1332564,-0.26901025,1.3513669,2.1331062,-0.26895955,1.3514308,2.1331484,-0.26897478,1.3514063
2.1332276,-0.26900068,1.3513771,2.1332412,-0.26900432,1.3513788,2.1332302,-0.26900136,1.3513769,2.1330848,-0.26895404,1.3514272
2.1332355,-0.2690038,1.3513718,2.1332936,-0.26902327,1.3513519,2.1331635,-0.2689803,1.3513945,2.1331327,-0.26896778,1.3514246
2.1332607,-0.26901156,1.3513674,2.1332963,-0.26902357,1.351349,2.1331143,-0.26896304,1.3514209,2.1331692,-0.26898304,1.351391
2.133226,-0.26900023,1.3513784,2.1332254,-0.26900098,1.3513709,-0.5063283,0.07210374,0.6643425,2.132991,-0.26892245,1.3514644
2.133216,-0.26899743,1.3513805,2.1333213,-0.2690326,1.3513384,2.133262,-0.2690125,1.3513616,2.1330414,-0.26893955,1.3514432
2.133265,-0.2690123,1.3513699,2.133222,-0.26899955,1.3513747,2.1331577,-0.26897812,1.3514003,2.1331787,-0.2689856,1.3513892
2.1331992,-0.26899242,1.3513795,2.1332998,-0.26902556,1.3513426,2.1331024,-0.26896,1.3514205,2.1330452,-0.26894146,1.3514396
2.133227,-0.26900065,1.3513743,2.1333232,-0.26903316,1.3513337,2.1331463,-0.2689738,1.3514079,2.1331987,-0.26899093,1.3513895
2.1332822,-0.26901942,1.3513508,2.1332893,-0.2690219,1.3513511,-0.50687444,0.072344646,0.6649914,2.133143,-0.26897418,1.3513982
2.1332572,-0.2690119,1.3513559,2.1332989,-0.2690255,1.351344,2.1330888,-0.26895458,1.3514303,2.1331792,-0.26898614,1.351385
2.1332214,-0.26899895,1.3513802,2.133269,-0.2690138,1.3513668,2.1331592,-0.26897752,1.3514066,2.133196,-0.2689898,1.3513929
2.1332161,-0.26899716,1.3513794,2.133327,-0.26903337,1.3513417,-0.5054121,0.07160008,0.66303015,2.1330204,-0.26893073,1.3514619
2.133208,-0.26899448,1.3513827,2.1332414,-0.26900554,1.35137,2.1332316,-0.269002,1.3513802,2.1331758,-0.26898414,1.3513945
2.1332226,-0.269,1.3513716,2.1332808,-0.26901907,1.3513504,2.133229,-0.26900172,1.3513718,2.133168,-0.26898092,1.3514005
2.1332724,-0.2690158,1.3513588,2.1333022,-0.26902524,1.35135,-0.50588965,0.07188107,0.66380817,2.1331801,-0.26898625,1.3513881
2.133265,-0.26901415,1.3513548,2.1332612,-0.26901227,1.3513654,2.1332393,-0.26900423,1.3513745,2.1331086,-0.26896158,1.35142
2.1332376,-0.26900405,1.3513756,2.133276,-0.2690176,1.3513533,-0.50348526,0.07074447,0.6607373,2.1330302,-0.26893505,1.3514534
2.1332016,-0.26899198,1.3513879,2.1332326,-0.26900202,1.3513764,2.1333327,-0.26903582,1.3513325,2.1332006,-0.26899022,1.3513952
2.1332982,-0.26902366,1.3513559,2.1332273,-0.2690011,1.3513752,-0.50666124,0.07224673,0.6647691,2.1331906,-0.26899004,1.3513831
2.1332808,-0.26901847,1.3513559,2.133241,-0.26900488,1.351373,2.1332335,-0.2690044,1.351362,2.1330483,-0.26894322,1.3514345
2.133234,-0.269003,1.3513749,2.133246,-0.26900655,1.3513726,2.133235,-0.26900178,1.3513851,2.133139,-0.26897013,1.3514168
2.133224,-0.26900002,1.3513764,2.1332827,-0.2690198,1.3513492,-0.5060754,0.07189275,0.6642271,2.133024,-0.26893404,1.3514475
2.1332679,-0.2690142,1.3513619,2.1333027,-0.26902568,1.3513477,2.1330962,-0.26895815,1.3514204,2.1330705,-0.2689493,1.3514324
2.1332743,-0.26901695,1.3513557,2.1333046,-0.269027,1.3513438,-0.5069045,0.07231741,0.665083,2.1332214,-0.26899904,1.3513765
2.133228,-0.2690009,1.351377,2.133302,-0.26902622,1.351342,2.1332352,-0.2690034,1.3513707,2.133205,-0.2689942,1.3513782
2.1332967,-0.26902372,1.3513483,2.1332855,-0.26902097,1.3513492,2.1332245,-0.268999,1.3513831,2.133057,-0.26894334,1.3514452
2.133287,-0.2690205,1.3513529,2.133305,-0.26902616,1.351349,2.1331425,-0.2689724,1.3514106,2.133089,-0.26895508,1.3514303
2.1333063,-0.2690267,1.3513478,2.1332247,-0.26899922,1.3513819,2.133284,-0.26901925,1.3513583,2.133048,-0.26894164,1.351444
2.1332278,-0.26899981,1.351384,2.1332326,-0.26900354,1.3513677,2.133119,-0.26896465,1.351416,2.1331775,-0.2689839,1.351396
2.133239,-0.26900497,1.3513727,2.1332579,-0.26901123,1.351363,2.1332605,-0.26901317,1.3513525,2.1331618,-0.26897803,1.351406
2.133307,-0.26902694,1.3513476,2.1332955,-0.26902324,1.3513519,2.1331143,-0.26896334,1.3514193,2.1330554,-0.2689456,1.3514329
2.133247,-0.2690075,1.3513685,2.1332414,-0.26900434,1.3513789,2.1331606,-0.2689795,1.3513962,2.1331859,-0.2689864,1.3513968
2.1332033,-0.26899177,1.3513933,2.1332514,-0.26900798,1.3513716,2.1332266,-0.2690009,1.3513744,2.133178,-0.26898426,1.3513976
2.1332896,-0.26902038,1.3513592,2.1332498,-0.26900792,1.3513702,2.133229,-0.26900098,1.3513774,2.1330876,-0.26895618,1.3514198
2.1332507,-0.26900828,1.3513663,2.1332622,-0.26901302,1.3513596,-0.503024,0.07056548,0.66040015,2.1330383,-0.26893684,1.3514544
2.1332304,-0.26900262,1.3513687,2.133282,-0.26901788,1.3513631,2.1332178,-0.26899904,1.3513685,2.1330628,-0.26894665,1.3514353
2.133249,-0.26900738,1.3513728,2.1332798,-0.2690186,1.3513541,-0.5075187,0.07259007,0.66590315,2.133059,-0.26894552,1.3514357
2.1332252,-0.2690007,1.3513725,2.1332254,-0.26900017,1.3513774,-0.5065725,0.07210788,0.66447455,2.1330867,-0.26895553,1.3514228
2.1332717,-0.26901525,1.3513618,2.1332688,-0.2690143,1.3513619,-0.5068283,0.07226956,0.66478866,2.1331651,-0.2689797,1.3514026
2.1332371,-0.26900393,1.3513708,2.1333115,-0.26902837,1.3513454,-0.50426394,0.07122569,0.6619482,2.1330895,-0.26895574,1.3514235
2.1331987,-0.26899195,1.3513833,2.1332808,-0.2690186,1.3513564,2.1332424,-0.2690075,1.3513576,2.133143,-0.26897252,1.3514134
2.1332436,-0.26900497,1.3513801,2.1332598,-0.2690127,1.3513559,2.1332226,-0.2689995,1.3513726,2.1331341,-0.26897013,1.351409
2.1332679,-0.26901406,1.3513613,2.1332889,-0.26902005,1.3513595,-0.50874704,0.07304458,0.6672271,2.1331506,-0.26897466,1.35141
2.1332037,-0.26899186,1.3513938,2.1333075,-0.26902673,1.3513492,-0.5045636,0.07131849,0.66217077,2.1332085,-0.26899475,1.3513805
2.133224,-0.26899955,1.3513782,2.1332393,-0.26900458,1.3513709,2.1330974,-0.2689579,1.3514236,2.1331134,-0.2689631,1.3514208
2.1332757,-0.2690172,1.3513561,2.1332297,-0.26900035,1.351385,2.1330914,-0.26895702,1.3514181,2.133192,-0.26898813,1.3513972
2.133235,-0.26900363,1.3513721,2.133242,-0.2690056,1.3513715,2.1330585,-0.2689443,1.3514444,2.133217,-0.26899824,1.3513749
2.1332045,-0.2689932,1.3513874,2.1332288,-0.2690002,1.351385,-0.5056639,0.07171868,0.66343564,2.1331978,-0.26899058,1.35139
2.1333063,-0.2690268,1.3513471,2.1332917,-0.26902157,1.3513565,2.1333263,-0.26903227,1.351351,2.1330333,-0.26893723,1.3514411
2.1332247,-0.26899973,1.3513778,2.1332717,-0.26901546,1.3513601,-0.5110712,0.074215785,0.67052186,2.1330895,-0.26895368,1.351438
2.1332846,-0.26901978,1.3513542,2.1332283,-0.2690018,1.3513727,2.1330652,-0.26894838,1.3514286,2.1331956,-0.26899022,1.3513879
2.1332545,-0.2690097,1.3513657,2.1332228,-0.26899946,1.3513771,-0.50517195,0.07148525,0.6629696,2.1331582,-0.2689784,1.3513986
2.1332235,-0.26899904,1.3513805,2.133295,-0.26902345,1.3513501,-0.50484926,0.07134016,0.6625732,2.1331317,-0.26896963,1.3514088
2.1333194,-0.26903132,1.351339,2.1333117,-0.26902804,1.3513523,2.1332328,-0.26900288,1.3513699,2.1330695,-0.26894742,1.3514458
2.133262,-0.269013,1.3513571,2.13324,-0.26900455,1.3513746,-0.5016977,0.0700043,0.6587236,2.1330128,-0.26892945,1.3514622
2.1332607,-0.26901266,1.3513588,2.1332333,-0.26900145,1.3513843,2.133152,-0.26897502,1.3514115,2.133113,-0.26896286,1.3514215
2.1332614,-0.26901296,1.3513569,2.133309,-0.26902786,1.3513434,-0.50381815,0.07083763,0.6610929,2.1331441,-0.2689733,1.3514069
2.133262,-0.26901305,1.3513567,2.1332483,-0.26900834,1.3513641,2.1333113,-0.26902813,1.3513517,2.1331568,-0.26897803,1.3514003
2.1332476,-0.26900676,1.3513745,2.1332214,-0.2689988,1.3513807,2.1330662,-0.26894712,1.3514382,2.13309,-0.26895443,1.3514313
2.1332252,-0.2690004,1.351376,2.1333265,-0.26903522,1.3513288,-0.50918794,0.07331185,0.6677451,2.1331959,-0.26899064,1.3513848
2.1332674,-0.26901513,1.3513538,2.1332703,-0.26901394,1.3513694,2.1332436,-0.26900658,1.3513682,2.1331093,-0.26896036,1.3514298
2.1332803,-0.2690193,1.3513489,2.133328,-0.2690337,1.3513414,2.1333032,-0.2690258,1.3513452,2.1331122,-0.26896247,1.3514179
2.133232,-0.26900163,1.3513793,2.133266,-0.26901376,1.3513609,2.1332273,-0.2690013,1.3513712,2.133122,-0.2689671,1.3514104
2.1332707,-0.26901484,1.3513621,2.1333156,-0.2690307,1.351338,-0.50477225,0.071422294,0.662487,2.1330378,-0.26893783,1.351452
2.1332817,-0.26901966,1.3513495,2.1332827,-0.26901826,1.3513621,-0.50769037,0.07270321,0.6660881,2.13306,-0.2689451,1.3514428
2.1333013,-0.2690251,1.3513496,2.1332924,-0.26902175,1.3513554,2.1332207,-0.26899862,1.3513808,2.1331463,-0.26897392,1.3514062
2.1332695,-0.26901448,1.351362,2.133297,-0.2690225,1.3513604,2.1332483,-0.2690066,1.3513752,2.1330566,-0.26894587,1.3514322
2.1332235,-0.26899967,1.3513769,2.1332507,-0.26900905,1.3513635,2.1330566,-0.26894498,1.3514358,2.133125,-0.26896614,1.3514215
2.1332405,-0.26900518,1.3513716,2.133264,-0.269013,1.3513623,-0.50734884,0.07244778,0.6654936,2.1332314,-0.26900163,1.351378
2.1332333,-0.26900235,1.3513757,2.1332726,-0.26901558,1.3513622,2.1332388,-0.26900405,1.351379,2.1331866,-0.2689877,1.3513879
2.1332545,-0.26900977,1.3513665,2.1332402,-0.26900452,1.3513762,2.1332684,-0.26901567,1.3513548,2.1331403,-0.26897073,1.3514202
2.1332922,-0.26902217,1.3513514,2.1332722,-0.26901528,1.3513614,2.1330945,-0.26895654,1.3514279,2.1331334,-0.26896912,1.3514122
2.1332884,-0.26902184,1.3513492,2.1332884,-0.2690201,1.3513603,2.1331031,-0.2689589,1.3514277,2.1331978,-0.26899144,1.3513856
2.1332362,-0.26900357,1.351372,2.1332798,-0.26901868,1.3513542,-0.5074898,0.072641924,0.66578364,2.1332045,-0.26899207,1.3513911
2.133262,-0.26901257,1.3513616,2.1332822,-0.26901844,1.3513604,2.1333218,-0.2690341,1.3513311,2.133059,-0.2689457,1.3514346
2.1332407,-0.26900518,1.3513726,2.1332893,-0.26902136,1.351354,2.1330557,-0.2689439,1.3514417,2.133182,-0.2689858,1.3513932
2.1332908,-0.2690215,1.3513545,2.1332712,-0.26901442,1.3513663,2.1330786,-0.2689518,1.3514298,2.1331196,-0.26896587,1.351411
2.1332107,-0.26899457,1.3513873,2.1332836,-0.2690203,1.351349,2.1331518,-0.26897484,1.3514116,2.133132,-0.2689687,1.3514155
2.1332147,-0.26899627,1.3513829,2.1332254,-0.26900038,1.3513767,2.1332738,-0.269018,1.3513484,2.1330523,-0.26894277,1.3514452
2.1331954,-0.26899114,1.3513817,2.1332684,-0.26901364,1.3513659,,,,2.133004,-0.2689264,1.3514645
2.13325,-0.2690089,1.351364,2.1332636,-0.26901257,1.3513643,,,,2.13307,-0.26894772,1.3514451
2.133249,-0.2690078,1.35137,2.1332982,-0.26902485,1.3513466,,,,2.1331089,-0.26896137,1.3514223
2.133246,-0.26900578,1.3513775,2.1332588,-0.26901183,1.3513604,,,,2.1331162,-0.26896453,1.3514154
2.1332538,-0.26900965,1.351366,2.1332922,-0.2690217,1.3513554,,,,2.1330633,-0.26894754,1.3514332
2.1332493,-0.2690076,1.3513709,2.1332707,-0.26901466,1.3513613,,,,2.1331687,-0.26898158,1.3513954
2.1332278,-0.26900035,1.35138,2.133298,-0.2690228,1.351359,,,,2.1331758,-0.26898283,1.3514031
2.1332202,-0.26899785,1.3513843,2.133308,-0.26902866,1.3513404,,,,2.1331863,-0.26898688,1.351396
2.1331978,-0.2689911,1.3513881,2.133304,-0.2690261,1.3513497,,,,2.1330113,-0.2689277,1.3514665
2.1332715,-0.26901442,1.3513678,2.1332445,-0.2690062,1.3513705,,,,2.1330616,-0.26894543,1.3514422
2.1332579,-0.26901084,1.3513657,2.1332946,-0.2690235,1.3513486,,,,2.1330042,-0.2689265,1.3514619
2.1332183,-0.26899734,1.3513812,2.1332579,-0.2690095,1.3513747,,,,2.1331494,-0.268976,1.3513958
2.133228,-0.26900035,1.3513807,2.1333055,-0.26902616,1.3513495,,,,2.13307,-0.2689486,1.3514357
2.133213,-0.26899585,1.3513829,2.1332936,-0.26902243,1.3513532,,,,2.1330082,-0.26892877,1.3514537
2.1332507,-0.26900843,1.3513712,2.1332285,-0.26900148,1.3513767,,,,2.1331882,-0.26898903,1.3513856
2.1332202,-0.26899707,1.3513893,2.1332393,-0.2690038,1.3513788,,,,2.1331666,-0.26898044,1.3513993
2.1332412,-0.26900554,1.3513721,2.1332908,-0.26902267,1.3513451,,,,2.132998,-0.26892322,1.3514706
2.1332479,-0.26900852,1.351362,2.1332912,-0.26902092,1.3513583,,,,2.1330814,-0.26895052,1.3514436
2.133265,-0.26901218,1.35137,2.1333103,-0.26902854,1.3513423,,,,2.133032,-0.26893437,1.3514625
2.1332893,-0.269022,1.3513484,2.1332974,-0.2690237,1.3513538,,,,2.1332073,-0.26899344,1.3513921
2.133256,-0.26901028,1.3513683,2.133303,-0.2690257,1.3513495,,,,2.1330233,-0.2689349,1.3514398
2.1332383,-0.26900417,1.3513712,,,,,,,2.1330194,-0.2689311,1.3514599
2.1332157,-0.2689975,1.3513771,,,,,,,2.133027,-0.26893562,1.3514447
2.1332405,-0.26900515,1.3513713,,,,,,,2.1330645,-0.26894796,1.3514324
2.1332572,-0.26901168,1.3513576,,,,,,,2.1330767,-0.2689507,1.3514373
2.13326,-0.2690119,1.3513626,,,,,,,2.133013,-0.26893023,1.3514564
2.133194,-0.26898888,1.351393,,,,,,,2.1330779,-0.26895046,1.3514364
2.133292,-0.26902136,1.351357,,,,,,,2.1330574,-0.26894432,1.351442
2.1332006,-0.26899254,1.3513821,,,,,,,2.133133,-0.2689687,1.3514156
2.1332884,-0.26902232,1.3513443,,,,,,,2.1330957,-0.2689572,1.3514264
2.1332893,-0.26902002,1.3513607,,,,,,,2.1330428,-0.26894018,1.3514428
2.133199,-0.26899132,1.3513901,,,,,,,2.1331408,-0.2689708,1.3514153
2.1332946,-0.26902524,1.351338,,,,,,,2.1330132,-0.26892954,1.351458
2.1332648,-0.26901263,1.3513654,,,,,,,2.133009,-0.26892963,1.3514519
2.133281,-0.26901972,1.3513476,,,,,,,2.1332183,-0.2689985,1.3513746
2.1332679,-0.26901442,1.3513596,,,,,,,2.1331785,-0.2689851,1.3513913
,,,,,,,,,2.133002,-0.26892656,1.351457
,,,,,,,,,2.1332278,-0.26900005,1.3513821
,,,,,,,,,2.1332197,-0.26899832,1.3513792
,,,,,,,,,2.13315,-0.26897454,1.35141
,,,,,,,,,2.133145,-0.26897413,1.3514029
,,,,,,,,,2.132989,-0.26892138,1.3514701
,,,,,,,,,2.133104,-0.26895958,1.351425
,,,,,,,,,2.133108,-0.2689611,1.3514229
,,,,,,,,,2.1330976,-0.26895928,1.351418
,,,,,,,,,2.1331472,-0.26897457,1.3514045
,,,,,,,,,2.1330075,-0.26892868,1.3514537
,,,,,,,,,2.13319,-0.26898876,1.3513871
,,,,,,,,,2.1331146,-0.26896378,1.3514165
,,,,,,,,,2.1331682,-0.2689811,1.3513992
,,,,,,,,,2.1330478,-0.26894328,1.3514303
,,,,,,,,,2.1331952,-0.2689897,1.3513926
,,,,,,,,,2.1330414,-0.2689398,1.3514414
,,,,,,,,,2.1331127,-0.26896253,1.351418
,,,,,,,,,2.1330013,-0.26892635,1.351457
,,,,,,,,,2.1330366,-0.26893678,1.3514516
,,,,,,,,,2.1330423,-0.26894084,1.3514396
